
2.21240539e-03
-2.21240539e-03
-6.44936874e-03
-1.05126844e-02
-1.44158985e-02
-1.81718583e-02
-2.17927642e-02
-2.52902163e-02
-2.86752580e-02
-3.19584150e-02
-3.51497299e-02
-3.82587945e-02
-4.12947774e-02
-4.42664487e-02
-4.71822017e-02
-5.00500708e-02
-5.28777466e-02
-5.56725884e-02
-5.84416326e-02
-6.11915998e-02
-6.39288972e-02
-6.66596198e-02
-6.93895478e-02
-7.21241420e-02
-7.48685357e-02
-7.76275250e-02
-8.04055556e-02
-8.32067082e-02
-8.60346806e-02
-8.88927681e-02
-9.17838419e-02
-9.47103253e-02
-9.76741681e-02
-1.00676820e-01
-1.03719203e-01
-1.06801679e-01
-1.09924026e-01
-1.13085401e-01
-1.16284316e-01
-1.19518603e-01
-1.22785389e-01
-1.26081067e-01
-1.29401271e-01
-1.32740853e-01
-1.36093864e-01
-1.39453535e-01
-1.42812269e-01
-1.46161631e-01
-1.49492348e-01
-1.52794313e-01
-1.56056595e-01
-1.59267462e-01
-1.62414401e-01
-1.65484155e-01
-1.68462769e-01
-1.71335635e-01
-1.74087556e-01
-1.76702815e-01
-1.79165251e-01
-1.81458344e-01
-1.83565313e-01
-1.85469210e-01
-1.87153035e-01
-1.88599840e-01
-1.89792855e-01
-1.90715599e-01
-1.91352005e-01
-1.91686540e-01
-1.91704324e-01
-1.91391238e-01
-1.90734039e-01
-1.89720452e-01
-1.88339262e-01
-1.86580387e-01
-1.84434939e-01
-1.81895267e-01
-1.78954978e-01
-1.75608941e-01
-1.71853266e-01
-1.67685254e-01
-1.63103330e-01
-1.58106937e-01
-1.52696407e-01
-1.46872799e-01
-1.40637709e-01
-1.33993037e-01
-1.26940734e-01
-1.19482502e-01
-1.11619467e-01
-1.03351809e-01
-9.46783609e-02
-8.55961671e-02
-7.61000066e-02
-6.61818793e-02
-5.58304578e-02
-4.50305062e-02
-3.37622705e-02
-2.20008455e-02
-9.71552598e-03
3.13084667e-03
1.65825291e-02
3.06914926e-02
4.55179899e-02
6.11310413e-02
7.76088071e-02
9.50388040e-02
1.13517916e-01
1.33152145e-01
1.54056038e-01
1.76351725e-01
2.00167493e-01
2.25635829e-01
2.52890853e-01
2.82065084e-01
3.13285493e-01
3.46668797e-01
3.82316008e-01
4.20306261e-01
4.60690003e-01
5.03481691e-01
5.48652190e-01
5.96121162e-01
6.45749811e-01
6.97334418e-01
7.50601221e-01
8.05203239e-01
8.60719741e-01
9.16659121e-01
9.72466011e-01
1.02753399e+00
