
2.20984383e-03
-2.20984383e-03
-6.44174567e-03
-1.05000415e-02
-1.43982586e-02
-1.81492267e-02
-2.17651299e-02
-2.52575535e-02
-2.86375269e-02
-3.19155630e-02
-3.51016931e-02
-3.82054984e-02
-4.12361384e-02
-4.42023753e-02
-4.71125953e-02
-4.99748273e-02
-5.27967577e-02
-5.55857427e-02
-5.83488171e-02
-6.10927012e-02
-6.38238036e-02
-6.65482222e-02
-6.92717415e-02
-7.19998284e-02
-7.47376242e-02
-7.74899347e-02
-8.02612172e-02
-8.30555659e-02
-8.58766942e-02
-8.87279150e-02
-9.16121192e-02
-9.45317520e-02
-9.74887871e-02
-1.00484701e-01
-1.03520442e-01
-1.06596405e-01
-1.09712398e-01
-1.12867614e-01
-1.16060601e-01
-1.19289228e-01
-1.22550663e-01
-1.25841339e-01
-1.29156933e-01
-1.32492340e-01
-1.35841653e-01
-1.39198150e-01
-1.42554276e-01
-1.45901641e-01
-1.49231014e-01
-1.52532331e-01
-1.55794703e-01
-1.59006434e-01
-1.62155047e-01
-1.65227321e-01
-1.68209328e-01
-1.71086486e-01
-1.73843621e-01
-1.76465031e-01
-1.78934568e-01
-1.81235718e-01
-1.83351698e-01
-1.85265556e-01
-1.86960278e-01
-1.88418899e-01
-1.89624621e-01
-1.90560930e-01
-1.91211721e-01
-1.91561415e-01
-1.91595077e-01
-1.91298533e-01
-1.90658472e-01
-1.89662552e-01
-1.88299482e-01
-1.86559102e-01
-1.84432441e-01
-1.81911762e-01
-1.78990584e-01
-1.75663688e-01
-1.71927093e-01
-1.67778010e-01
-1.63214775e-01
-1.58236742e-01
-1.52844157e-01
-1.47037997e-01
-1.40819775e-01
-1.34191318e-01
-1.27154501e-01
-1.19710960e-01
-1.11861757e-01
-1.03607012e-01
-9.49455059e-02
-8.58742341e-02
-7.63879321e-02
-6.64785618e-02
-5.61347627e-02
-4.53412712e-02
-3.40783108e-02
-2.23209592e-02
-1.00384994e-02
2.80623311e-03
1.62574951e-02
3.03672519e-02
4.51957432e-02
6.08119695e-02
7.72940638e-02
9.47295077e-02
1.13215142e-01
1.32856916e-01
1.53769317e-01
1.76074407e-01
1.99900397e-01
2.25379693e-01
2.52646326e-01
2.81832727e-01
3.13065779e-01
3.46462112e-01
3.82122661e-01
4.20126493e-01
4.60524007e-01
5.03329630e-01
5.48514223e-01
5.95997473e-01
6.45640642e-01
6.97240101e-01
7.50522211e-01
8.05140141e-01
8.60673329e-01
9.16630351e-01
9.72456004e-01
1.02754400e+00
