
2.93609700e-03
-2.93609700e-03
-8.60461780e-03
-1.40841885e-02
-1.93906768e-02
-2.45389683e-02
-2.95430326e-02
-3.44159817e-02
-3.91701226e-02
-4.38170034e-02
-4.83674539e-02
-5.28316207e-02
-5.72189969e-02
-6.15384478e-02
-6.57982313e-02
-7.00060148e-02
-7.41688871e-02
-7.82933680e-02
-8.23854129e-02
-8.64504156e-02
-9.04932069e-02
-9.45180513e-02
-9.85286409e-02
-1.02528087e-01
-1.06518911e-01
-1.10503029e-01
-1.14481745e-01
-1.18455731e-01
-1.22425014e-01
-1.26388962e-01
-1.30346269e-01
-1.34294941e-01
-1.38232279e-01
-1.42154871e-01
-1.46058581e-01
-1.49938539e-01
-1.53789138e-01
-1.57604030e-01
-1.61376129e-01
-1.65097616e-01
-1.68759949e-01
-1.72353880e-01
-1.75869473e-01
-1.79296135e-01
-1.82622641e-01
-1.85837180e-01
-1.88927398e-01
-1.91880447e-01
-1.94683048e-01
-1.97321553e-01
-1.99782017e-01
-2.02050276e-01
-2.04112028e-01
-2.05952926e-01
-2.07558665e-01
-2.08915082e-01
-2.10008256e-01
-2.10824607e-01
-2.11351000e-01
-2.11574845e-01
-2.11484203e-01
-2.11067876e-01
-2.10315506e-01
-2.09217661e-01
-2.07765916e-01
-2.05952929e-01
-2.03772498e-01
-2.01219621e-01
-1.98290533e-01
-1.94982734e-01
-1.91295003e-01
-1.87227401e-01
-1.82781250e-01
-1.77959105e-01
-1.72764706e-01
-1.67202911e-01
-1.61279618e-01
-1.55001663e-01
-1.48376710e-01
-1.41413112e-01
-1.34119770e-01
-1.26505958e-01
-1.18581144e-01
-1.10354782e-01
-1.01836098e-01
-9.30338417e-02
-8.39560285e-02
-7.46096543e-02
-6.50003879e-02
-5.51322378e-02
-4.50071906e-02
-3.46248206e-02
-2.39818674e-02
-1.30717798e-02
-1.88422606e-03
9.59543198e-03
2.13866970e-02
3.35145257e-02
4.60099442e-02
5.89106787e-02
7.22617924e-02
8.61163084e-02
1.00535797e-01
1.15590896e-01
1.31361735e-01
1.47938201e-01
1.65420015e-01
1.83916536e-01
2.03546237e-01
2.24435772e-01
2.46718538e-01
2.70532680e-01
2.96018421e-01
3.23314673e-01
3.52554856e-01
3.83861898e-01
4.17342421e-01
4.53080149e-01
4.91128661e-01
5.31503640e-01
5.74174901e-01
6.19058521e-01
6.66009526e-01
7.14815695e-01
7.65193119e-01
8.16784275e-01
8.69159469e-01
9.21822585e-01
9.74222138e-01
1.02577786e+00
